function [Bx, By, Bz] = betweenFrontLightsUpper()

    Bx = [30, 100, 200, 320; 
          100, 100, 200, 320;
          180, 100, 200, 320;
          230, 230, 320, 320];

    By = [40, 25, 10, 0;
          30, 15, 5, 0;
          20, 5, 0, 0;
          0, -10, -20, -20];
      
    Bz = [0, 0, 0, 0;
          0, 0, 0, 0;
          0, 0, 0, 0;
          -5, -5, -5, -5];
      
    
    %figure
    %bezier_surface(Bx, By, Bz);
    %xlim([-100 500])
    %ylim([-250 250])
    %zlim([-250 250])
end