function [Bx, By, Bz] = betweenFrontLightsUpper()

    Bx = [0, 100, 200, 300; 
          5, 100, 200, 305;
          13, 100, 200, 310;
          30, 100, 200, 320];

    By = [300, 300, 300, 300;
          200, 200, 200, 200;
          100, 100, 100, 100;
          40, 25, 10, 0];
    Bz = [0, 0, 0, 0;
          0, 0, 0, 0;
          0, 0, 0, 0;
          0, 0, 0, 0];
      
%     figure
%     bezier_surface(Bx, By, Bz);
%     xlim([0 500])
%     ylim([0 500])
end